[Variables]
calibrated_encoder_resolution = 1.345
calibrated_extruder_to_selector_length = 385
calibrated_nozzle_to_extruder_length = None
calibrated_nozzle_to_sensor_length = 45
calibrated_sensor_to_extruder_length = 541.1605937921728
calibrated_tool_extrusion_factor = [1.0807657247037374, 1.0, 1.0, 1.0, 1.0, 1.0, 1.0473498233215548, 1.0, 1.0]
color_selector_positions = [1.7, 23.2, 44, 70.4, 91.2, 112, 138.38125, 159.2, 180.8]

